1117784570 10
1117784573 10
1117784976 10
1117784978 10
1117788440 6
1117788974 6
1117789015 6
1117794119 11
1117815872 0
1117815876 0
1117888120 11
1117901341 1
1117901392 1
1117902980 1
1117903045 1
1117905501 1
1117905513 1
1117905563 1
1117919759 1
1117919786 1
1117919919 1
1117920206 1
1117920463 1
1117921251 1
1117922658 1
1117923497 1
1117925227 1
1117928609 1
1117930124 1
1117930130 1
1117930216 1
1117930246 2
1117931401 1
1117931413 1
1117931464 1
1117931533 1
1117931547 1
1117933420 1
1117934266 1
1117934286 1
1117934416 1
1117934443 1
1117935483 1
1117935508 1
1117935530 1
1117935577 1
1117935594 1
1117935601 1
1117935617 1
1117936886 1
1117936951 1
1117936980 1
1117937006 1
1117937046 1
1117938519 1
1117938553 1
1118016512 11
1118016518 11
1118025221 10
1118025403 10
1118026420 10
1118026480 10
1118026909 10
1118027048 10
1118027391 10
1118027467 10
1118058603 1
1118058604 1
1118058700 5
1118060656 1
1118068888 1
1118095549 1
1118095569 1
1118095570 1
1118095783 1
1118095821 1
1118118013 1
1118118017 1
1118118099 1
1118118125 1
1118118147 1
1118118690 1
1118129497 1
1118129566 1
1118139358 0
1118153879 1
1118153897 1
1118197556 11
1118217740 10
1118231722 11
1118236076 1
1118236077 1
1118238507 1
1118247090 1
1118289776 1
1118289816 1
1118289958 1
1118297098 11
1118300046 1
1118300070 1
1118309168 11
1118317043 1
1118317064 1
1118482327 2
1118482959 2
1118483212 2
1118483261 2
1118483622 2
1118483694 2
1118484129 2
1118484182 2
1118484836 2
1118485141 2
1118485342 2
1118485682 2
1118485891 2
1118486457 2
1118487065 2
1118487373 2
1118487965 2
1118488012 2
1118488376 2
1118489043 2
1118489085 2
1118489420 2
1118489510 2
1118489547 2
1118489583 2
1118489955 2
1118490072 2
1118490523 2
1118490625 2
1118490942 2
1118491027 2
1118491623 2
1118491700 2
1118494457 2
1118494933 2
1118495132 2
1118495466 2
1118495852 2
1118495971 2
1118496514 2
1118496590 2
1118496729 2
1118496833 2
1118497483 2
1118498349 2
1118498553 2
1118498691 2
1118498811 2
1118498875 2
1118499263 2
1118499888 2
1118500196 2
1118500603 2
1118500838 2
1118501213 2
1118501299 2
1118501531 2
1118502754 2
1118503291 2
1118503583 2
1118632962 11
1118645850 5
1118655403 2
1118655482 2
1118655549 2
1118655578 2
1118655681 2
1118655681 2
1118655717 2
1118655851 2
1118655955 2
1118655996 2
1118656134 2
1118656233 2
1118656289 2
1118656341 2
1118656403 2
1118678642 1
1118704243 1
1118704269 1
1118704278 1
1118704308 1
1118711205 2
1118711277 2
1118711328 2
1118711360 2
1118711370 2
1118711511 2
1118711631 2
1118711631 2
1118711676 2
1118711746 2
1118711795 2
1118711825 2
1118711858 2
1118712090 2
1118712119 2
1118712139 2
1118712804 2
1118712833 2
1118712935 2
1118713015 2
1118713049 2
1118713283 2
1118713320 2
1118713381 9
1118713897 2
1118713942 2
1118713955 2
1118713965 2
1118714001 2
1118714017 2
1118714044 2
1118714070 2
1118714087 2
1118714111 2
1118714121 2
1118714158 2
1118714162 2
1118714178 2
1118714186 2
1118714357 2
1118715323 2
1118715408 2
1118715443 2
1118715444 2
1118715450 2
1118715489 2
1118715530 2
1118715561 2
1118715562 2
1118715574 2
1118715649 9
1118715697 9
1118715705 2
1118715811 2
1118715984 2
1118715991 2
1118715993 2
1118715997 2
1118716028 9
1118716101 9
1118716227 9
1118716236 9
1118716309 9
1118716375 9
1118716603 2
1118716625 2
1118716646 2
1118716918 2
1118716954 2
1118716989 2
1118717001 2
1118717001 2
1118717007 2
1118717014 2
1118717075 2
1118717085 2
1118717098 2
1118717115 5
1118717259 9
1118717302 2
1118717330 2
1118717384 2
1118717409 2
1118717469 2
1118717475 2
1118717516 9
1118717528 2
1118717568 9
1118717679 9
1118717823 2
1118717847 2
1118717875 9
1118717909 9
1118717917 9
1118717928 2
1118717934 9
1118717988 2
1118718022 2
1118718057 2
1118718070 2
1118718122 2
1118718122 2
1118718150 2
1118718188 2
1118718337 12
1118718585 2
1118718602 2
1118718772 2
1118718810 2
1118718877 2
1118718927 2
1118719031 5
1118719049 5
1118719252 2
1118719424 2
1118719618 2
1118719741 2
1118719750 2
1118719772 2
1118719807 2
1118719808 2
1118719837 2
1118719839 2
1118719862 2
1118719883 2
1118719941 2
1118720011 2
1118720042 2
1118729531 1
1118730453 12
1118741802 1
1118755915 10
1118756502 10
1118757100 10
1118757393 10
1118758716 10
1118759039 10
1118789835 1
1118789857 1
1118792432 1
1118798240 10
1118798544 10
1118798625 10
1118798660 10
1118798703 10
1118798706 10
1118798913 10
1118799076 1
1118806111 10
1118854990 10
1118857762 1
1118857785 1
1118857796 1
1118861888 1
1118861889 1
1118862047 1
1118862053 1
1118862060 1
1118862076 1
1118862076 1
1118904902 0
1118910552 10
1119001358 1
1119049692 11
1119097510 1
1119112454 1
1119112473 1
1119112494 1
1119236966 1
1119237000 1
1119237039 1
1119237044 1
1119237099 1
1119237235 1
1119237291 1
1119237293 1
1119255833 0
1119265455 0
1119270666 11
1119323678 1
1119323680 1
1119323709 1
1119323756 1
1119323784 1
1119327883 10
1119329898 10
1119348454 0
1119396937 10
1119421796 6
1119424812 6
1119425310 6
1119425317 6
1119427305 6
1119491636 6
1119515236 6
1119517364 6
1119517369 6
1119518030 6
1119571799 11
1119584161 11
1119623904 11
1119639767 6
1119641647 6
1119641690 6
1119641755 6
1119660915 1
1119660992 1
1119661100 1
1119661124 1
1119661242 1
1119661309 1
1119661342 1
1119661346 1
1119661392 1
1119661413 1
1119661453 1
1119661567 1
1119661593 1
1119661602 1
1119661612 1
1119661625 1
1119661819 1
1119661834 1
1119661845 1
1119661908 1
1119661922 1
1119661980 1
1119671008 1
1119671040 1
1119671071 1
1119671148 1
1119671160 1
1119671245 1
1119671280 1
1119671305 1
1119671352 1
1119671352 1
1119671476 1
1119671489 1
1119672280 1
1119672375 1
1119672549 1
1119672634 1
1119682307 0
1119745504 11
1119747659 10
1119748755 1
1119748781 9
1119748848 1
1119749084 9
1119749149 9
1119749207 9
1119749468 3
1119749528 3
1119749550 3
1119749599 3
1119749602 3
1119749608 3
1119749693 9
1119749805 9
1119749856 9
1119752904 1
1119752939 9
1119752955 9
1119752971 10
1119753051 3
1119753165 9
1119753218 9
1119753482 3
1119753491 3
1119753588 3
1119805191 11
1119923619 7
1119935828 11
1120037427 1
1120037562 1
1120037766 1
1120037839 1
1120037979 1
1120038016 1
1120038072 1
1120038194 1
1120038215 1
1120039988 6
1120040424 6
1120040724 6
1120091091 1
1120091216 1
1120091227 1
1120091530 1
1120091605 1
1120091611 1
1120091615 1
1120091688 1
1120091763 1
1120091774 1
1120091915 1
1120092038 1
1120092042 1
1120092085 1
1120092112 1
1120094315 1
1120094424 1
1120094578 1
1120094687 1
1120094743 1
1120094771 1
1120095021 1
1120096857 1
1120096859 1
1120101328 11
1120119883 0
1120123846 11
1120147391 11
1120155808 1
1120162069 1
1120162139 1
1120162148 1
1120162152 1
1120162232 1
1120162240 1
1120162246 1
1120162290 1
1120162479 1
1120162591 1
1120162621 1
1120162963 1
1120162974 1
1120163012 1
1120163049 1
1120163052 1
1120163064 1
1120163117 1
1120163126 1
1120163169 1
1120163184 1
1120177520 7
1120187131 7
1120205710 6
1120205762 6
1120205871 6
1120205888 6
1120205941 6
1120206065 6
1120206098 6
1120206870 6
1120206976 6
1120207034 6
1120208099 6
1120208185 6
1120208310 6
1120208314 6
1120208332 6
1120208354 6
1120209044 6
1120209061 6
1120209168 6
1120209355 6
1120211452 6
1120211503 6
1120211529 6
1120211540 6
1120211568 6
1120211591 6
1120211616 6
1120211656 6
1120212813 6
1120212847 6
1120212866 6
1120212887 6
1120212925 6
1120212974 6
1120213083 6
1120297622 1
1120297629 1
1120297671 1
1120297682 1
1120297719 1
1120392972 1
1120392979 1
1120393005 1
1120393017 1
1120393042 1
1120393058 1
1120393377 1
1120393387 1
1120393451 1
1120393561 1
1120393592 1
1120395671 1
1120395678 1
1120395800 1
1120395840 1
1120395964 1
1120396102 1
1120415475 1
1120415605 1
1120415660 1
1120415698 1
1120415722 1
1120415778 1
1120432467 1
1120432586 1
1120432728 1
1120433288 1
1120433397 1
1120433464 1
1120433466 1
1120433503 1
1120433708 1
1120433796 1
1120537331 5
1120604382 12
1120692917 1
1120692970 1
1120694233 1
1120694250 1
1120718478 1
1120718499 1
1120718538 1
1120718792 1
1120718793 1
1120718805 1
1120722001 6
1120722057 6
1120722186 6
1120722206 6
1120732826 1
1120732879 1
1120732954 1
1120733008 1
1120734451 1
1120734495 1
1120734544 1
1120734590 1
1120835703 7
1120854821 5
1120855906 0
1120863279 1
1120863299 1
1120869499 1
1120869521 1
1120870431 1
1120870519 1
1120870566 1
1120874196 1
1120874280 1
1120874332 1
1120874349 1
1120875103 1
1120875257 1
1120875262 1
1120877195 1
1120877199 1
1120877244 1
1120877305 1
1120877338 1
1120877379 1
1120877429 1
1120877465 1
1120877504 1
1120878365 1
1120878577 1
1120878589 1
1120878594 1
1120878606 1
1120878622 1
1120878658 1
1120878709 1
1120878758 1
1120878797 1
1120879688 1
1120879818 1
1120879839 1
1120880002 1
1120880069 1
1120880108 1
1120880392 1
1120880665 1
1120880747 1
1120880788 1
1120880845 1
1120880940 1
1120880979 1
1120881001 1
1120881040 1
1120881068 1
1120881076 1
1120881133 1
1120881238 1
1120881334 1
1120881388 1
1120881398 1
1120881446 1
1120881483 1
1120881590 1
1120881660 1
1120883467 1
1120883630 1
1120883817 1
1120883836 1
1120884039 1
1120884041 1
1120884043 1
1120884048 1
1120884093 1
1120884234 1
1120884246 1
1120884346 1
1120884410 1
1120884420 1
1120884451 1
1120884541 1
1120884585 1
1120884606 1
1120884631 1
1120884674 1
1120884682 1
1120885508 1
1120885518 1
1120885553 1
1120885573 1
1120885626 1
1120885761 1
1120885783 1
1120885798 1
1120885974 1
1120886044 1
1120886045 1
1120886057 1
1120886204 1
1120886220 1
1120886220 1
1120886284 1
1120886300 1
1120886346 1
1120886349 1
1120886357 1
1120886402 1
1120886548 1
1120886599 1
1120886618 1
1120886634 1
1120886659 1
1120886700 1
1120899127 1
1120899142 1
1120899217 1
1120899260 1
1120901479 1
1120901633 1
1120901677 1
1120902526 1
1120902527 1
1120902557 1
1120902704 1
1120902736 1
1120902863 1
1120903066 1
1120903404 1
1120903410 1
1120903717 1
1120904362 1
1120904385 1
1120904403 1
1120904502 1
1120913799 6
1120913919 6
1120913922 6
1120913952 1
1120913983 1
1120914079 1
1120914107 1
1120914120 1
1120914134 1
1120914137 1
1120914273 1
1120914310 1
1120914439 1
1120914530 1
1120914585 1
1120914609 1
1120914690 1
1120914838 1
1120914857 1
1120914887 1
1120914941 1
1120915022 1
1120915071 1
1120915099 1
1120915138 1
1120915145 1
1120915149 1
1120915163 1
1120915179 1
1120915258 1
1120915308 1
1120915332 1
1120915348 1
1120915377 1
1120915383 1
1120915432 1
1120915436 1
1120915467 1
1120915497 1
1120915508 1
1120915527 1
1120915674 1
1120915704 1
1120915709 1
1120915793 1
1120915840 1
1120916168 1
1120916941 1
1120916946 1
1120918565 1
1120918589 1
1120918998 1
1120919021 1
1120920004 1
1120921821 1
1120952513 1
1120952557 1
1120952570 1
1120952621 1
1120952676 1
1120952677 1
1120952797 1
1120952800 1
1120952825 1
1120952882 1
1120952900 1
1120952926 1
1120953023 1
1120953046 1
1121037173 11
1121057691 0
1121061817 2
1121061819 2
1121118088 1
1121118217 1
1121118239 1
1121118258 1
1121118266 1
1121118311 1
1121118452 1
1121118512 1
1121118512 1
1121118822 1
1121118833 1
1121118957 1
1121118988 1
1121184463 12
1121198281 6
1121198310 6
1121198323 6
1121198326 6
1121198377 6
1121198397 6
1121198450 6
1121198452 6
1121198465 6
1121198541 6
1121198570 6
1121198594 6
1121198594 6
1121198628 6
1121198729 6
1121198775 6
1121198884 6
1121198899 6
1121198955 6
1121202179 1
1121202302 1
1121202361 1
1121202367 1
1121202377 1
1121202399 1
1121202538 1
1121202570 1
1121202613 1
1121202768 1
1121202778 1
1121202780 1
1121202804 1
1121214169 11
1121254028 1
1121254164 1
1121254207 1
1121254254 1
1121254274 1
1121254295 1
1121254295 1
1121254306 1
1121254531 1
1121254565 1
1121254655 1
1121254677 1
1121254707 1
1121254757 1
1121255100 1
1121255138 1
1121255141 1
1121255169 1
1121255186 1
1121256867 1
1121256909 1
1121256915 1
1121256926 1
1121257022 1
1121257028 1
1121257109 1
1121257111 1
1121257141 1
1121257157 1
1121257176 1
1121257390 1
1121257410 1
1121257425 1
1121257483 1
1121257518 1
1121257526 1
1121257849 1
1121257900 1
1121257928 1
1121258018 1
1121258027 1
1121258054 1
1121258104 1
1121258172 1
1121258220 1
1121258231 1
1121258262 1
1121258282 1
1121258306 1
1121258337 1
1121258351 1
1121258380 1
1121258396 1
1121258412 1
1121258448 1
1121259534 1
1121259545 1
1121259580 1
1121259655 1
1121259817 1
1121259824 1
1121259853 1
1121259856 1
1121259915 1
1121259927 1
1121259946 1
1121259953 1
1121259970 1
1121259971 1
1121259974 1
1121260001 1
1121260022 1
1121260138 1
1121260248 1
1121329222 0
1121354299 11
1121388061 1
1121388070 1
1121388075 1
1121388115 1
1121388124 1
1121397271 1
1121430659 10
1121439806 1
1121439886 1
1121439913 1
1121440125 1
1121440129 1
1121440144 1
1121440164 1
1121440252 1
1121440263 1
1121440308 1
1121440314 1
1121441246 1
1121441342 1
1121441479 1
1121441496 1
1121441532 1
1121441594 1
1121441754 1
1121441798 1
1121441911 1
1121441968 1
1121441976 1
1121442041 1
1121442047 1
1121442062 1
1121442080 1
1121442335 1
1121442365 1
1121442382 1
1121442460 1
1121442542 1
1121442570 1
1121442582 1
1121543832 1
1121543851 1
1121543882 1
1121543962 1
1121543978 1
1121543997 1
1121544024 1
1121544039 1
1121544051 1
1121544150 1
1121544237 1
1121544257 1
1121544278 1
1121544391 1
1121544603 1
1121544608 1
1121544678 1
1121544731 1
1121544788 1
1121544991 1
1121545038 1
1121545136 1
1121545161 1
1121545219 1
1121545282 1
1121545303 1
1121545333 1
1121545491 1
1121545560 1
1121545608 1
1121545612 1
1121545720 1
1121652993 1
1121653096 1
1121653109 1
1121653209 1
1121653280 1
1121653362 1
1121653363 1
1121653390 1
1121653427 1
1121653460 1
1121673206 2
1121673746 2
1121682053 1
1121846469 6
1121846596 6
1121846682 6
1121846708 6
1121846851 6
1121846875 6
1121847038 6
1121847046 6
1121847110 6
1121847115 6
1121847136 6
1121847193 6
1121847286 6
1121847372 6
1121847493 6
1121847515 6
1121847541 6
1121847551 6
1121848597 6
1121848788 6
1121848797 6
1121848827 6
1121848859 6
1121848860 6
1121848868 6
1121849649 6
1121849678 6
1121849679 6
1121849735 6
1121849795 6
1121849856 6
1121850520 6
1121850541 6
1121850572 6
1121850574 6
1121851368 6
1121852028 6
1122072854 12
1122078688 1
1122078705 1
1122078718 1
1122078758 1
1122078819 1
1122078870 1
1122079251 1
1122079459 1
1122079483 1
1122079520 1
1122085627 6
1122085629 6
1122085727 6
1122085731 6
1122089012 1
1122089037 1
1122089084 1
1122089119 1
1122089241 1
1122089251 1
1122089827 1
1122089917 1
1122089971 1
1122090001 1
1122090004 1
1122090022 1
1122090024 1
1122090042 1
1122090072 1
1122093215 6
1122106892 10
1122106898 12
1122108130 6
1122108200 6
1122108364 6
1122110883 6
1122110887 6
1122110950 6
1122110957 6
1122110972 6
1122111031 6
1122111037 6
1122111073 6
1122111076 6
1122111233 1
1122111293 1
1122111304 6
1122111425 6
1122111429 6
1122111437 6
1122111453 6
1122111503 6
1122111588 6
1122111615 6
1122111629 6
1122111682 6
1122111850 6
1122111876 6
1122111882 1
1122111888 1
1122111890 1
1122111915 1
1122112026 1
1122112057 6
1122112096 1
1122112538 6
1122112574 6
1122112579 6
1122112602 6
1122112655 6
1122112749 6
1122113255 6
1122113266 6
1122113432 6
1122113438 6
1122114559 6
1122114606 6
1122114668 6
1122114756 6
1122114766 6
1122190714 11
1122201910 1
1122201994 1
1122202043 1
1122202252 1
1122202376 1
1122202379 1
1122202630 1
1122202784 1
1122202860 1
1122202902 1
1122280240 1
1122280241 1
1122280272 1
1122280283 1
1122346971 1
1122349352 1
1122351365 1
1122351838 1
1122376461 1
1122376482 1
1122376512 1
1122376586 1
1122376589 1
1122376659 1
1122376660 1
1122376675 1
1122376739 1
1122376783 1
1122376797 1
1122377105 1
1122377133 1
1122377171 1
1122377178 1
1122377204 1
1122377319 1
1122377319 1
1122377396 1
1122377408 1
1122377485 1
1122377514 1
1122377540 1
1122377669 1
1122377732 1
1122438300 1
1122438307 1
1122520113 1
1122520115 1
1122573016 10
1122967638 5
1122971540 5
1122971954 7
1122976687 7
1122976693 7
1122988536 7
1122989313 5
1123006215 7
1123056662 8
1123056668 8
1123056754 8
1123056774 8
1123056830 8
1123056843 8
1123056844 8
1123056860 8
1123056898 8
1123122466 7
1123122833 7
1123124302 7
1123129618 7
1123141083 7
1123141190 7
1123186786 11
1123208593 13
1123553801 7
1123554612 7
1123554679 7
1123555246 7
1123555672 7
1123555997 7
1123556468 7
1123560572 2
1123583155 11
1123598286 12
1123631937 12
1123655473 11
1123705596 11
1123796737 11
1123860312 0
1123860469 0
1123860543 0
1123860551 0
1123860577 0
1123860638 0
1123860727 0
1123860754 0
1123860842 0
1123860894 0
1123860895 0
1123861332 0
1123861673 0
1123861807 0
1123861920 0
1123912456 0
1123912497 0
1123922348 0
1124017359 0
1124077896 5
1124113519 2
1124113540 2
1124171022 11
1124179921 12
1124252491 0
1124340179 9
1124340227 9
1124340255 9
1124465271 5
1124492691 9
1124493186 9
1124557136 11
1124557166 11
1124668015 0
1124682611 9
1124684105 9
1124684119 9
1124687118 9
1124687126 9
1124687161 9
1124744068 0
1124764171 9
1124764189 9
1124918563 12
1125028053 4
1125028080 4
1125028154 4
1125028191 4
1125028746 6
1125028766 6
1125028778 4
1125029016 4
1125029240 6
1125029293 4
1125029309 4
1125029411 4
1125029438 4
1125029510 4
1125029592 4
1125029604 4
1125029702 4
1125029731 4
1125029978 6
1125030029 4
1125030030 4
1125030057 4
1125030072 4
1125030124 6
1125030127 4
1125030143 4
1125030172 4
1125030224 4
1125030274 4
1125030296 4
1125030314 4
1125030379 4
1125030396 6
1125030400 6
1125030423 6
1125030431 4
1125030437 4
1125030446 4
1125030490 4
1125030517 4
1125030553 4
1125030580 4
1125030639 4
1125030695 4
1125033561 11
1125060716 10
1125095105 11
1125139792 7
1125155512 11
1125165517 6
1125165610 6
1125166160 6
1125166268 6
1125166412 4
1125166525 4
1125166578 4
1125167152 6
1125167429 6
1125167591 6
1125167625 6
1125167765 6
1125167810 6
1125167900 6
1125167957 6
1125168100 6
1125168337 6
1125168384 6
1125168491 6
1125168526 6
1125168743 6
1125168925 6
1125169026 6
1125169076 4
1125169213 4
1125169360 4
1125169505 4
1125169673 4
1125169882 4
1125169894 4
1125169914 4
1125170157 4
1125170175 4
1125170247 4
1125170255 4
1125170269 4
1125170445 4
1125170451 4
1125170452 4
1125171358 12
1125171361 12
1125184008 11
1125194393 5
1125325628 9
1125425181 11
1125498593 2
1125498643 2
1125539559 10
1125614117 0
1125636043 2
1125638642 2
1125640345 2
1125647454 7
1125676913 12
1125695350 0
1125705503 2
1125743779 11
1125763576 11
1125817271 2
1126126040 11
1126148752 2
1126157891 5
1126157906 3
1126213442 12
1126218208 10
1126221477 11
1126367175 0
1126380160 0
1126472629 5
1126485103 0
1126485106 0
1126533645 12
1126573325 2
1126744111 0
1126840078 11
1126915026 7
1126925315 7
1127024365 11
1127093534 0
1127093540 0
1127100489 11
1127109833 0
1127188650 7
1127189163 8
1127189213 8
1127189214 8
1127189216 8
1127189219 8
1127189219 8
1127189221 8
1127189228 8
1127189349 8
1127189352 8
1127189360 8
1127189361 8
1127189367 8
1127189377 8
1127189379 8
1127189411 8
1127189412 8
1127189509 8
1127189510 8
1127189514 8
1127189528 8
1127189531 8
1127189536 8
1127189560 8
1127190289 7
1127191515 7
1127194868 8
1127194870 8
1127210122 0
1127210333 0
1127210347 0
1127210397 0
1127210475 0
1127210516 13
1127210866 0
1127211034 0
1127211314 0
1127211535 0
1127211666 0
1127211731 0
1127211777 0
1127302175 11
1127326615 12
1127402570 10
1127410994 11
1127410998 12
1127461927 11
1127538240 11
1127614543 11
1127702818 11
1127726591 0
1127727971 9
1127817900 11
1127906557 9
1127973755 12
1127980565 11
1128020784 11
1128036751 11
1128060748 11
1128116317 0
1128321498 11
1128328008 9
1128403224 11
1128404085 11
1128456395 0
1128543888 0
1128665294 12
1128778666 11
1128778724 11
1128778742 12
1128790166 5
1128916806 0
1129104022 11
1129112647 0
1129112670 0
1129112708 0
1129150934 0
1129150989 0
1129154349 0
1129216727 11
1129217439 5
1129219479 10
1129219482 12
1129298994 11
1129299114 11
1129383983 9
1129402912 9
1129447476 0
1129496547 10
1129496629 10
1129497549 10
1129497731 10
1129498305 10
1129498512 10
1129670002 11
1129670004 11
1129680520 3
1129766589 0
1129766611 0
1129810798 9
1129843177 12
1130069101 10
1130197536 0
1130201740 12
1130425310 12
1130475580 2
1130475611 13
1130591609 11
1130618204 11
1130630437 0
1130709112 11
1130712693 10
1130782676 10
1130961438 11
1130972568 0
1130978640 0
1130978866 0
1131000230 4
1131000244 6
1131000260 6
1131000277 4
1131000299 4
1131000313 4
1131000350 4
1131000396 4
1131000441 4
1131000487 4
1131000515 6
1131000525 4
1131000568 4
1131000570 4
1131000619 4
1131000629 4
1131000649 4
1131000716 4
1131000719 4
1131000788 4
1131000799 4
1131000809 4
1131000817 4
1131000877 4
1131001542 6
1131001558 6
1131001609 6
1131001644 4
1131001651 4
1131001683 4
1131001708 4
1131001801 4
1131001844 4
1131001930 4
1131001994 4
1131002007 4
1131002036 4
1131002053 4
1131002058 4
1131002103 4
1131002144 4
1131002157 4
1131002174 4
1131002522 4
1131002530 6
1131002557 6
1131002596 4
1131002602 4
1131002668 4
1131002684 4
1131002719 4
1131002787 4
1131002829 4
1131002831 4
1131002937 4
1131002939 4
1131003033 4
1131003044 4
1131003139 4
1131003206 4
1131003880 6
1131003913 4
1131003992 4
1131004093 4
1131004132 4
1131004183 4
1131004228 4
1131004238 4
1131005847 6
1131005931 6
1131006027 6
1131006078 6
1131006152 6
1131006178 6
1131006185 6
1131006354 6
1131006550 6
1131006568 6
1131006715 6
1131006918 6
1131007541 6
1131007741 6
1131009092 6
1131009189 6
1131010382 6
1131065926 4
1131065989 4
1131066037 4
1131067857 4
1131067919 4
1131067943 4
1131068332 4
1131068354 4
1131068389 4
1131068438 4
1131068544 4
1131068548 4
1131068578 4
1131068600 4
1131068615 4
1131069033 4
1131069099 4
1131069106 4
1131069136 4
1131069138 4
1131069147 4
1131069586 6
1131069607 4
1131069612 4
1131069657 4
1131069667 4
1131069708 4
1131069713 4
1131069719 4
1131069943 6
1131069943 6
1131069960 4
1131069965 4
1131069988 4
1131070009 4
1131070013 4
1131070072 4
1131070450 6
1131070461 4
1131070474 4
1131070483 4
1131070504 4
1131070525 4
1131070569 4
1131072046 6
1131072116 4
1131072952 4
1131072993 4
1131073901 6
1131073953 4
1131082387 4
1131082400 4
1131083599 4
1131083605 4
1131084302 4
1131084326 4
1131084579 9
1131084753 4
1131084777 4
1131085167 4
1131085211 4
1131085217 4
1131089617 6
1131089627 4
1131089651 4
1131089673 4
1131090649 6
1131090835 6
1131090846 6
1131090882 4
1131090886 4
1131090896 4
1131098531 11
1131105683 10
1131148651 11
1131161083 10
1131289686 10
1131309130 0
1131309281 0
1131351182 4
1131351230 4
1131401188 11
1131412427 9
1131415753 4
1131415777 4
1131415784 4
1131415791 4
1131416171 4
1131416202 4
1131416205 4
1131416225 4
1131416692 4
1131416744 4
1131419923 4
1131419928 4
1131419939 4
1131419942 4
1131419944 4
1131419959 4
1131420444 4
1131420461 4
1131426746 6
1131441923 13
1131468012 9
1131521963 4
1131522341 4
1131522363 4
1131524695 6
1131524723 4
1131524745 4
1131524746 4
1131524909 11
1131525404 4
1131533254 4
1131533268 4
1131533281 4
1131543967 12
1131543992 11
1131566835 10
1131566838 11
1131566856 11
1131575323 10
1131595912 11
1131622722 2
1131635021 4
1131635041 4
1131635049 4
1131635552 6
1131655192 9
1131662723 10
1131706702 11
1131963923 2
1131963941 13
1131963942 13
1132004483 12
1132009479 9
1132012383 9
1132012439 9
1132018997 7
1132019352 7
1132053568 2
1132053678 13
1132174935 0
1132176926 10
1132179372 10
1132263335 3
1132269253 3
1132270834 3
1132488459 11
1132491818 9
1132491887 9
1132518198 2
1132521992 3
1132526489 13
1132526895 13
1132527363 13
1132527470 13
1132527630 13
1132528840 13
1132528851 13
1132538409 3
1132542484 0
1132551658 0
1132551677 3
1132551704 0
1132551714 3
1132551742 0
1132555623 0
1132556169 0
1132617521 11
1132783676 2
1132796285 0
1132813045 3
1132854503 0
1132911538 3
1132951733 0
1132954128 3
1132954167 3
1132987306 0
1132994396 2
1132994571 3
1133093122 3
1133223174 12
1133248685 3
1133248726 3
1133252516 7
1133260178 3
1133310247 11
1133351875 0
1133352179 0
1133390094 5
1133390103 5
1133390122 5
1133390128 12
1133390138 12
1133390161 12
1133390163 12
1133390176 12
1133390177 5
1133390189 5
1133390340 12
1133390341 12
1133390358 5
1133390364 12
1133390439 5
1133390452 12
1133390453 12
1133390474 5
1133390480 12
1133390486 12
1133390490 12
1133390510 12
1133390560 12
1133390566 12
1133390568 5
1133390568 12
1133390663 12
1133390678 5
1133390696 12
1133390698 12
1133390702 12
1133390706 12
1133390710 12
1133390793 5
1133390797 5
1133390810 5
1133390839 12
1133390848 12
1133390866 5
1133390868 12
1133390869 5
1133390879 5
1133390891 12
1133390893 5
1133390898 5
1133390988 12
1133391028 5
1133391053 12
1133391056 12
1133391058 12
1133391074 5
1133391086 12
1133391090 12
1133391162 5
1133391191 5
1133391200 5
1133391750 12
1133396953 5
1133396982 12
1133396984 5
1133396988 12
1133396991 5
1133396994 12
1133397001 5
1133397011 12
1133397024 5
1133397030 5
1133397034 12
1133397115 12
1133397122 12
1133397132 12
1133397134 5
1133397137 12
1133397139 5
1133397148 12
1133397156 5
1133397183 5
1133397286 12
1133397286 12
1133397308 5
1133397356 5
1133397368 5
1133397377 5
1133397406 5
1133397458 12
1133397464 12
1133397466 12
1133397487 5
1133397510 5
1133397522 12
1133397525 11
1133397530 5
1133397540 12
1133397556 12
1133397559 12
1133397662 12
1133397672 12
1133397688 12
1133397700 12
1133397702 12
1133397705 12
1133397719 5
1133397722 12
1133397855 5
1133397867 12
1133397883 5
1133397888 5
1133397894 12
1133397898 12
1133397911 5
1133397917 12
1133398021 12
1133398031 12
1133398041 12
1133398041 12
1133398042 5
1133398043 5
1133398048 12
1133398049 5
1133398054 5
1133398060 5
1133400696 12
1133400763 12
1133417185 11
1133417718 11
1133516386 11
1133567992 10
1133573399 13
1133580773 4
1133588987 12
1133634076 11
1133642778 11
1133642786 11
1133648705 11
1133649949 11
1133652364 11
1133658041 10
1133658041 11
1133658268 12
1133663487 2
1133669137 2
1133777441 2
1133834704 7
1133856270 12
1133862147 5
1133868245 4
1133868878 4
1133869132 4
1133870525 4
1133870678 4
1133870723 4
1133870847 4
1133871143 4
1134051456 0
1134051538 0
1134059890 10
1134072821 12
1134101656 0
1134101895 0
1134101959 0
1134102805 0
1134102934 0
1134103097 0
1134103733 0
1134103788 0
1134202174 10
1134299949 0
1134438755 0
1134438798 0
1134472936 10
1134542001 0
1134543794 12
1134565556 10
1134568583 10
1134573381 0
1134573419 0
1134690883 12
1134727080 5
1134871856 10
1134897303 12
1134993098 5
1135037720 9
1135121237 0
1135522035 2
1135545239 2
1135585688 10
1135594211 10
1135595842 10
1135603728 10
1135607876 10
1135611830 10
1135611917 10
1135617898 10
1136243589 9
